01
001
01001
AL
Autauga County
2010
1
9778.1
670
137881
8785.9
10770.2
0.2586
73
284
0.2003
0.3268
5.48

255
4.16
6.8
4.14

258
2.78
5.49
0.0883
389
4406
0.0799
0.0967
0.2814
69
286
0.2174
0.3557
0.3


0.246
0.36
0.1359
24
283
0.0859
0.2084
28.8


22.9
34.6
370
184
49730


52.6
599

48.4
56.8
0.14


0.12
0.16
52.224775433
25
49730


1914.8
91.803383493

9407
85.39
98.21
0.8149

524
0.7816
0.8482
0.3511671705

211
0.2773553955
0.4446222559
0.7151898734
452
632


0.2064362714


0.1840325274
0.2288400154
0.046


0.043
0.049
0.138


0.112
0.164
40.7




0.2761
42
178
0.193
0.3783
0.086621067


0.0662848051
0.1069573289
256.48701237
377
146986







4




0




0.25
2
8


0.4072573255
2
49109















































